


Average days to death
std
Number of admissions
1
133.7407407
252.7511233
81
2
176.05
394.8501583
120
3
177.8952381
351.936437
105
4
198.0582524
424.4733304
103
5
244.218543
459.5866541
151
6
246.7058824
524.7847699
170
7
264.248
552.848155
125
8
267.0196078
617.4900965
51
9
269.49
395.6769767
100
10
273.5164835
470.8563011
91
11
273.6164384
374.7013653
73
12
294.2465753
387.1495333
73
13
308.7738095
452.6280758
84
14
315.115942
371.7448687
69
15
315.2868852
624.9160662
122
16
317.4556962
381.9268535
79
17
322.7024793
505.1420657
121
18
325.3
538.1332084
100
19
327.8666667
482.7000817
150
20
334.6962963
546.9480749
135
21
337.5223881
616.4960776
67
22
337.976378
527.3423557
127
23
366.4621849
599.1875282
119
24
373.94
667.0204618
50
25
377.4803922
584.9005401
102
26
378.1011236
560.4294109
89
27
388.8411215
556.6615971
107
28
393.4526316
653.8238258
95
29
397.25
630.729056
44
30
397.7234043
770.7483708
47
31
402.5913043
652.8230188
115
32
408
705.4650948
28
33
410.7904762
586.8991265
105
34
411.3466667
550.9646932
150
35
417.8961039
515.2565641
154
36
421.3933333
459.3930909
150
37
429.9831933
720.6993217
119
38
445.7882353
564.3366975
85
39
467.0212766
549.4573915
188
40
468.924812
584.1244798
133
41
487.4144144
534.8487278
111
42
495.4888889
656.3500801
90
43
497.5578947
706.3459674
95
44
504.6585366
813.6215369
82
45
514.5614035
568.9875902
57
46
518.9384615
621.9593575
65
47
530.4683544
623.9463997
79
48
531.75
662.2270374
52
49
550.7619048
778.7943126
105
50
551.875
767.3659119
48
51
562.0338983
731.3818119
59
52
592.6901408
732.3669824
71
53
596.6701031
742.8165918
194
54
603.81
573.6157197
100
55
607.0076336
814.4342625
131
56
608.3483146
889.2922966
89
57
611.452381
798.9970261
84
58
619.0526316
840.570904
76
59
620.244186
868.4946471
86
60
625.6290323
839.2381767
124
61
658.0645161
751.2870864
62
62
660.4777778
887.8062755
90
63
663.5148515
730.0078613
101
64
667.5277778
677.1285432
108
65
695.0307692
796.9130243
65
66
696.8513514
872.7981514
74
67
697.0487805
933.5704332
41
68
700.1555556
837.0087469
90
69
705.7111111
857.1503206
90
70
721.6746988
878.5345014
83
71
736.6666667
775.3392751
78
72
740.9482759
775.6133151
58
73
744.0784314
677.9661147
102
74
755.8372093
667.0568446
43
75
767.9042553
819.8478721
94
76
776.109375
785.8250664
64
77
781.402439
879.7982149
82
78
788.7154472
887.7920774
123
79
804.9677419
925.9897681
155
80
877.1698113
854.2961847
106
81
877.4507042
866.6443589
71
82
880.7352941
819.5335226
34
83
908
966.9758465
139
84
978.325
916.7109247
80
85
1008.925926
986.8006638
54
86
1009.833333
925.1507211
78
87
1046.867925
852.7407542
53
88
1047.230769
871.1391146
78
89
1099.447368
1007.680236
76
90
1118.67033
977.1899053
91
91
1128.138462
1146.644441
65
92
1147.919355
1006.305192
62
93
1209.066667
963.9808758
45
94
1213.554545
1048.260408
110
95
1222.654321
1017.237947
81
96
1355.584416
1083.709135
77
97
1367.745763
999.6779752
59
98
1509.142857
1029.414833
49
99
1670.863636
1073.478005
44
100
1725.55102
1158.834056
49
